22
13
15
17
5
20
8
4
23
17
11
10
15
14
8
16
13
17
15
19
5
21
12
10
21
24
8
16
8
17
12
9
17
13
6
25
33
30
11
12
13
18
14
13
23
16
10
15
26
12
13
9
13
11
11
17
13
11
12
24
12
15
14
12
20
20
23
5
18
17
21
9
14
15
12
8
20
8
14
10
6
5
20
7
9
22
15
16
16
16
18
9
14
14
15
15
19
21
16
16
12
17
11
20
28
11
14
5
14
28
13
10
13
12
14
5
17
7
13
31
16
7
13
10
10
11
8
17
26
16
7
14
6
26
24
8
7
18
34
15
17
7
15
18
12
7
10
9
27
15
5
9
15
38
12
10
15
10
17
11
8
24
12
8
19
22
10
13
18
16
22
12
12
13
23
41
21
21
16
12
16
13
19
26
17
22
10
25
26
12
24
18
33
12
6
16
23
12
7
20
15
8
16
11
22
21
15
15
19
11
14
10
14
20
17
13
12
17
3
15
21
10
15
16
16
22
17
15
8
28
16
11
20
16
19
10
16
7
8
6
6
27
22
15
19
21
14
9
9
7
19
26
18
10
17
14
19
14
7
29
11
8
23
21
19
9
11
30
26
23
12
17
30
12
26
19
5
13
10
11
20
13
17
9
19
11
13
27
13
15
21
10
12
30
14
8
26
27
15
10
14
26
10
14
12
12
7
23
15
9
14
19
11
19
26
10
7
23
21
7
13
17
17
28
10
32
13
14
16
27
12
19
10
28
13
11
9
10
19
27
16
10
10
15
12
21
12
9
17
20
15
11
11
17
13
15
4
23
7
10
13
13
9
20
15
8
28
6
4
14
9
10
11
14
23
6
14
22
10
11
10
17
17
18
14
6
18
14
15
17
25
19
17
17
12
9
28
5
5
4
15
29
11
19
11
28
16
8
8
22
27
8
16
16
13
6
25
5
16
12
4
18
8
17
4
12
18
6
13
18
13
10
13
16
10
9
14
13
11
14
26
6
8
18
15
25
10
21
15
11
8
13
14
15
15
12
6
16
17
21
20
12
22
17
16
25
9
25
9
22
12
17
24
10
18
18
15
21
11
20
27
16
7
8
18
24
10
12
19
9
16
13
42
9
15
7
12
15
20
14
18
24
19
17
11
15
27
15
17
12
13
22
8
10
22
9
15
23
21
22
13
27
8
14
5
9
9
19
26
14
16
9
15
16
17
13
18
15
16
5
6
23
19
6
12
5
23
18
19
6
27
22
7
28
15
19
15
21
6
14
16
19
19
13
8
6
13
13
10
9
15
6
4
15
21
11
27
5
19
20
7
12
10
26
24
20
23
17
18
13
16
15
13
19
11
20
23
8
15
11
24
22
5
11
18
25
24
15
11
18
8
13
13
13
26
22
11
9
15
14
21
21
15
5
24
23
13
5
12
21
12
9
16
16
10
16
11
3
14
15
17
9
16
15
23
13
15
15
6
10
15
26
17
16
15
12
7
10
11
16
18
27
8
13
23
18
16
20
11
13
22
12
8
37
23
27
11
9
9
24
9
17
16
8
15
14
27
7
27
11
12
12
10
11
18
3
10
11
14
14
17
13
11
18
13
6
17
13
16
27
24
12
12
12
26
8
17
12
17
10
24
8
11
24
9
5
21
11
9
16
20
13
8
9
11
18
17
11
23
6
18
16
19
44
15
10
22
12
26
34
10
22
16
15
10
13
11
12
19
12
10
18
6
14
23
14
18
9
11
8
15
12
16
8
17
23
6
9
19
24
6
9
14
8
11
20
6
9
18
8
21
19
6
11
17
19
9
9
9
22
7
15
14
17
10
10
29
11
11
12
16
10
17
10
13
14
14
16
12
15
27
22
10
27
12
13
15
9
18
8
15
7
23
11
7
9
26
16
11
7
6
11
8
18
23
8
18
8
16
14
15
28
13
10
33
12
9
8
18
19
31
19
27
5
13
21
9
13
16
26
21
15
23
10
10
18
22
10
15
21
11
10
13
11
15
19
20
11
6
24
17
15
15
13
24
10
22
18
9
8
28
11
9
15
18
31
39
6
16
7
10
27
19
18
18
33
14
8
10
9
15
13
12
16
13
15
7
7
13
19
13
16
14
9
12
33
12
14
13
21
20
15
13
12
25
20
22
30
19
27
8
10
10
4
16
8
14
22
13
29
16
12
11
4
17
18
7
9
20
13
12
10
27
9
10
11
26
13
4
21
18
13
7
21
11
6
30
12
16
16
17
13
9
14
8
19
23
4
16
25
